0 841
22 1828
83 1523
101 250
180 1031
215 618
259 2094
294 852
310 1768
329 90
394 1146
476 2042
522 1476
533 2474
545 237
597 20
604 1779
621 1120
728 1958
745 365
789 594
802 1637
862 183
926 1911
1014 378
1067 80
1078 2119
1137 823
1176 257
1200 2308
1225 551
1287 2060
1303 101
1320 1432
1392 833
1458 614
1476 1298
1519 2106
1538 1022
1567 297
1605 2499
1646 2270
1674 1540
1709 63
1756 1822
1770 443
1813 787
1845 1354
1877 1602
1884 2377
1922 29
1996 1005
2030 217
2074 770
2102 2260
2124 29
2168 2047
2198 358
2227 1553
2264 1788
2300 903
2379 1365
2397 2124
2439 1888
2464 402
2495 1602
